corewar:
Data in code table (0 entries)
offset     length kind
(__DATA,__data) section
0000000100006080	e0 45 00 00 01 00 00 00 01 00 00 00 02 00 00 00 
0000000100006090	00 00 00 00 00 00 00 00 00 00 00 00 01 00 00 00 
00000001000060a0	0a 00 00 00 00 00 00 00 e5 45 00 00 01 00 00 00 
00000001000060b0	00 00 00 00 00 00 00 00 4c 48 00 00 01 00 00 00 
00000001000060c0	02 00 00 00 06 00 00 00 01 00 00 00 00 00 00 00 
00000001000060d0	00 00 00 00 02 00 00 00 05 00 00 00 00 00 00 00 
00000001000060e0	ee 45 00 00 01 00 00 00 01 00 00 00 00 00 00 00 
00000001000060f0	f3 45 00 00 01 00 00 00 02 00 00 00 01 00 00 00 
0000000100006100	05 00 00 00 00 00 00 00 00 00 00 00 03 00 00 00 
0000000100006110	05 00 00 00 00 00 00 00 f6 45 00 00 01 00 00 00 
0000000100006120	01 00 00 00 00 00 00 00 fc 45 00 00 01 00 00 00 
0000000100006130	03 00 00 00 01 00 00 00 01 00 00 00 01 00 00 00 
0000000100006140	00 00 00 00 04 00 00 00 0a 00 00 00 00 00 00 00 
0000000100006150	00 46 00 00 01 00 00 00 01 00 00 00 00 00 00 00 
0000000100006160	09 46 00 00 01 00 00 00 03 00 00 00 01 00 00 00 
0000000100006170	01 00 00 00 01 00 00 00 00 00 00 00 05 00 00 00 
0000000100006180	0a 00 00 00 00 00 00 00 0d 46 00 00 01 00 00 00 
0000000100006190	01 00 00 00 00 00 00 00 1a 46 00 00 01 00 00 00 
00000001000061a0	03 00 00 00 07 00 00 00 07 00 00 00 01 00 00 00 
00000001000061b0	00 00 00 00 06 00 00 00 06 00 00 00 00 00 00 00 
00000001000061c0	20 46 00 00 01 00 00 00 01 00 00 00 00 00 00 00 
00000001000061d0	42 46 00 00 01 00 00 00 03 00 00 00 07 00 00 00 
00000001000061e0	07 00 00 00 01 00 00 00 00 00 00 00 07 00 00 00 
00000001000061f0	06 00 00 00 00 00 00 00 48 46 00 00 01 00 00 00 
0000000100006200	01 00 00 00 00 00 00 00 46 48 00 00 01 00 00 00 
0000000100006210	03 00 00 00 07 00 00 00 07 00 00 00 01 00 00 00 
0000000100006220	00 00 00 00 08 00 00 00 06 00 00 00 00 00 00 00 
0000000100006230	70 46 00 00 01 00 00 00 01 00 00 00 00 00 00 00 
0000000100006240	92 46 00 00 01 00 00 00 01 00 00 00 02 00 00 00 
0000000100006250	00 00 00 00 00 00 00 00 00 00 00 00 09 00 00 00 
0000000100006260	14 00 00 00 00 00 00 00 97 46 00 00 01 00 00 00 
0000000100006270	00 00 00 00 01 00 00 00 a4 46 00 00 01 00 00 00 
0000000100006280	03 00 00 00 07 00 00 00 03 00 00 00 01 00 00 00 
0000000100006290	00 00 00 00 0a 00 00 00 19 00 00 00 00 00 00 00 
00000001000062a0	a8 46 00 00 01 00 00 00 01 00 00 00 01 00 00 00 
00000001000062b0	b3 46 00 00 01 00 00 00 03 00 00 00 01 00 00 00 
00000001000062c0	07 00 00 00 03 00 00 00 00 00 00 00 0b 00 00 00 
00000001000062d0	19 00 00 00 00 00 00 00 b7 46 00 00 01 00 00 00 
00000001000062e0	01 00 00 00 01 00 00 00 c3 46 00 00 01 00 00 00 
00000001000062f0	01 00 00 00 02 00 00 00 00 00 00 00 00 00 00 00 
0000000100006300	00 00 00 00 0c 00 00 00 20 03 00 00 00 00 00 00 
0000000100006310	c3 46 00 00 01 00 00 00 00 00 00 00 01 00 00 00 
0000000100006320	c8 46 00 00 01 00 00 00 02 00 00 00 06 00 00 00 
0000000100006330	01 00 00 00 00 00 00 00 00 00 00 00 0d 00 00 00 
0000000100006340	0a 00 00 00 00 00 00 00 cc 46 00 00 01 00 00 00 
0000000100006350	01 00 00 00 00 00 00 00 d6 46 00 00 01 00 00 00 
0000000100006360	03 00 00 00 07 00 00 00 03 00 00 00 01 00 00 00 
0000000100006370	00 00 00 00 0e 00 00 00 32 00 00 00 00 00 00 00 
0000000100006380	db 46 00 00 01 00 00 00 01 00 00 00 01 00 00 00 
0000000100006390	eb 46 00 00 01 00 00 00 01 00 00 00 02 00 00 00 
00000001000063a0	00 00 00 00 00 00 00 00 00 00 00 00 0f 00 00 00 
00000001000063b0	e8 03 00 00 00 00 00 00 f1 46 00 00 01 00 00 00 
00000001000063c0	00 00 00 00 01 00 00 00 28 48 00 00 01 00 00 00 
00000001000063d0	01 00 00 00 01 00 00 00 00 00 00 00 00 00 00 00 
00000001000063e0	00 00 00 00 10 00 00 00 02 00 00 00 00 00 00 00 
00000001000063f0	28 48 00 00 01 00 00 00 01 00 00 00 00 00 00 00 
0000000100006400	00 00 00 00 00 00 00 00 00 00 00 00 00 00 00 00 
0000000100006410	00 00 00 00 00 00 00 00 00 00 00 00 00 00 00 00 
0000000100006420	00 00 00 00 00 00 00 00 00 00 00 00 00 00 00 00 
0000000100006430	00 00 00 00 00 00 00 00 00 00 00 00 00 00 00 00 
0000000100006440	b0 43 00 00 01 00 00 00 80 43 00 00 01 00 00 00 
0000000100006450	50 43 00 00 01 00 00 00 20 43 00 00 01 00 00 00 
0000000100006460	f0 42 00 00 01 00 00 00 c0 42 00 00 01 00 00 00 
0000000100006470	90 42 00 00 01 00 00 00 60 42 00 00 01 00 00 00 
0000000100006480	30 42 00 00 01 00 00 00 00 42 00 00 01 00 00 00 
0000000100006490	40 40 00 00 01 00 00 00 d0 41 00 00 01 00 00 00 
00000001000064a0	a0 41 00 00 01 00 00 00 70 41 00 00 01 00 00 00 
00000001000064b0	40 41 00 00 01 00 00 00 10 41 00 00 01 00 00 00 
